19882
3241
199
22812
0
54996
3929
36301
4429
21816
25563
45942
576
76993
17495
39703
642
4865
34448
19953
41239
4156
7280
84435
8150
65575
13079
10730
11532
29278
23331
20381
20198
5108
49490
409
2807
18882
13070
17879
2466
27189
38905
22391
11138
3311
44701
21858
11826
54685
2083
68687
51118
6860
7282
1684
6276
27201
27509
13837
13671
5343
264
2853
69769
32006
20059
676
28357
18920
54583
10208
21269
19432
1622
1141
24352
20808
89
11901
16573
476
24403
27549
15720
42835
37982
26996
59389
18364
36472
191
35453
56514
7148
10496
15004
9802
6353
15410
51427
20314
7481
3669
18776
11202
4699
5036
13011
36360
24901
81808
49566
2457
14790
41172
12777
46925
18534
10978
133
9671
14698
3403
33450
22980
42456
8818
4981
11661
1311
4652
58066
7581
27438
44710
5791
10941
46644
782
76291
20010
27350
22508
25679
20830
52515
51278
8053
20442
85442
10393
34869
11021
6858
17790
3203
19501
31919
8467
6063
11775
13134
2171
10563
5722
72425
2152
11064
14645
3105
21628
17272
5799
7636
27737
18221
1216
12540
39890
10824
69493
7876
31298
81790
12517
13845
25582
24
4387
24680
75544
75661
9375
1316
15595
20025
18540
48688
1226
6167
2620
18639
1682
69
12431
4248
7788
8020
27498
23489
29714
45402
33735
746
18857
22161
10901
142
1578
28212
25414
55717
25423
16846
77457
2793
22092
14489
27134
25284
46189
24753
60767
52849
7159
18191
5514
9500
56714
19421
2754
58514
66898
62158
49026
17277
4234
30905
51743
9676
45967
6579
2647
16281
18721
1091
7304
47822
33534
20932
636
32997
10957
14102
9292
2529
6929
2473
31700
2796
59910
25679
56083
45625
7182
3784
8937
3591
8048
33705
908
23213
23580
3489
22483
11212
1402
42700
12422
4395
52048
5405
3688
6114
77155
4149
32703
10874
8955
1169
398
24083
7150
35363
49286
21443
8109
20916
16737
21266
1386
24766
7852
5215
15008
29814
16297
9600
44198
27896
4707
5628
16650
27109
4775
57324
17896
4659
12256
3754
1258
36010
99574
16211
10444
9332
6834
67484
18850
42539
4092
10392
9143
7007
19329
783
24150
82623
69602
3895
1603
32243
6067
4048
11943
8907
12308
23379
52249
11228
17391
44804
30624
29920
14853
38776
59723
17513
1570
7609
21905
2910
16396
34878
9304
10451
30553
17800
4653
24578
14310
63712
37158
34575
31901
21601
2076
7772
52118
4022
1575
16815
17555
132
12239
26725
5796
5824
15100
21300
2792
43926
18717
5866
29583
16751
17965
18543
6780
22190
43700
6753
33781
5335
5247
18628
360
8995
18085
29001
24563
3332
8534
5462
7587
29490
35422
5242
15887
65902
2970
6004
14222
47711
29782
5876
67278
23834
15447
20700
10000
20959
29686
341
23987
82706
4171
13927
55782
43351
55466
33523
82216
30797
33759
44619
19023
2055
39481
78922
87157
46224
8596
330
6329
33897
13007
8438
42192
64732
42768
40722
9316
1506
23605
7153
6812
27877
73552
11647
24410
3040
19290
43058
11646
17071
50314
21386
10334
1603
2913
14845
27377
11992
9315
27201
3072
2282
4434
28435
23240
322
10555
13637
50491
70905
39230
8482
3357
42217
21163
40528
28146
3185
9760
23039
29659
5304
32694
23996
23621
3975
218
38310
3356
18668
11974
35838
68
27457
47825
8837
38062
46412
29923
11954
97256
2340
21416
1892
25652
7649
9250
34141
3724
3290
4199
38353
28847
3174
21323
11234
15184
3607
15450
1622
1680
7087
28490
51594
19393
37105
29009
27187
30478
8019
15276
15477
44922
35017
570
77984
2862
12838
765
46017
6249
90023
35530
14238
37741
3305
7174
21349
7668
256
4472
35915
49865
61710
35
55276
14732
37569
10669
19446
3489
15439
29161
19315
14478
13403
7053
13577
76032
32270
72852
3958
57982
44508
19080
24840
62780
2976
18852
5757
6100
9907
2506
38144
5511
22896
13907
3588
49931
383
28194
21471
5007
43501
1331
16247
13954
18978
2333
21467
892
31137
3222
1721
1679
66032
8473
26006
42889
1150
7910
75324
37440
24580
3736
81794
26102
2067
1856
18020
13064
19205
26390
3166
29445
20392
1160
6829
6186
68012
8884
5257
55506
81941
23320
68579
850
54796
35775
1226
7401
75697
10778
21076
4046
35992
7444
23070
18557
31800
27689
65006
33079
63
10351
20793
17475
15246
1186
4302
25593
2810
19389
27198
14724
37235
1356
24152
72496
64252
10971
21118
4028
15600
16177
13829
20244
3872
496
2877
12345
99
8534
11957
16633
18109
21538
33821
1032
7608
61288
738
24894
12604
38164
55404
49711
8922
16294
31709
5104
26210
23770
10394
2836
10201
2351
39873
25106
13500
7252
38748
14086
11605
2517
10442
531
13200
8779
17165
37940
8041
4336
7541
25977
3547
2696
64788
2283
25516
37445
66408
4668
12913
4691
11769
35677
6158
37783
15361
18601
58546
43773
29990
5682
46712
173
153
9117
1981
42977
44957
20225
1458
17581
37821
13679
6299
2029
94
6558
55862
5548
12818
35924
20359
37907
10161
19671
12554
11614
30862
29115
2497
21222
36247
717
31958
6728
38584
2530
47771
25728
1886
838
36406
21352
957
61057
70496
34657
22787
50943
14008
29485
18500
6306
14176
372
51845
13491
24713
10
13963
62611
62035
18742
32270
30129
46172
8251
85509
1703
40638
28140
77206
12411
4846
703
7561
74834
2632
18412
4045
8468
3870
31185
6428
15964
2358
33422
26404
17504
13387
49339
8738
17966
51709
6132
2112
55384
24547
12943
671
12616
18797
28314
10397
11192
16454
1915
3057
73607
75680
43601
4386
68
726
41725
25532
40534
2920
44001
42795
345
28714
153
3656
19543
23667
4528
11490
3084
41527
6471
24002
46447
47076
19080
71050
6111
9539
8047
7477
48692
18256
57011
9539
16502
46787
62486
6852
1072
92443
69366
79206
7571
1753
1061
5233
27367
16160
62733
24000
61922
28808
7468
19333
5388
37509
4697
1730
33671
9205
2975
19987
17919
5394
8436
21471
7934
3541
5880
8042
29756
3970
4170
1840
13867
25695
93168
21741
22129
36521
5947
4223
52951
13386
468
89528
903
15354
70955
18490
21579
30821
8454
1561
7090
22205
707
14477
62887
14402
14354
5242
18778
14437
51230
4
45426
26115
20822
