1275
2 1 
2 2 
3 3 
5 4 
2 4 
5 2 
4 1 
5 4 
9 9 
2 2 
8 9 
9 12 
12 10 
5 5 
13 15 
16 12 
13 8 
10 3 
7 2 
14 8 
8 7 
9 5 
12 8 
5 15 
5 14 
17 24 
22 12 
12 9 
18 24 
7 10 
12 13 
25 8 
30 4 
17 8 
12 15 
8 21 
9 10 
15 2 
32 32 
17 10 
42 13 
42 1 
5 31 
13 40 
35 11 
8 14 
31 25 
16 18 
8 15 
36 23 
3 2 
3 2 
5 3 
5 2 
7 5 
5 5 
6 5 
7 3 
3 10 
10 4 
6 9 
7 8 
9 4 
7 12 
10 6 
5 12 
8 12 
4 16 
19 12 
4 21 
3 22 
17 2 
22 2 
13 12 
4 24 
24 12 
18 18 
21 26 
5 2 
10 27 
20 22 
26 33 
27 14 
33 18 
3 13 
14 31 
22 22 
37 6 
21 3 
27 31 
16 38 
31 42 
29 42 
11 4 
17 11 
16 21 
28 12 
33 11 
27 46 
4 3 
4 4 
5 4 
5 5 
6 4 
5 6 
9 8 
11 8 
5 9 
9 10 
10 13 
6 7 
4 3 
8 13 
10 9 
10 5 
6 3 
9 9 
16 20 
9 8 
23 11 
22 11 
21 20 
25 8 
25 17 
11 22 
11 19 
7 5 
10 3 
22 9 
30 17 
29 31 
19 25 
12 30 
27 29 
11 3 
18 38 
19 38 
5 3 
19 11 
33 18 
36 34 
24 26 
21 36 
17 35 
25 4 
48 20 
16 24 
5 4 
6 5 
6 6 
5 4 
5 5 
5 8 
10 4 
7 6 
11 12 
10 8 
12 10 
6 4 
15 16 
18 9 
9 9 
19 15 
9 20 
17 7 
17 6 
10 14 
7 10 
9 17 
22 25 
12 24 
8 15 
16 7 
21 11 
24 29 
22 5 
14 24 
15 25 
13 21 
16 11 
36 9 
11 11 
33 27 
30 33 
20 33 
17 16 
43 11 
34 12 
5 13 
17 11 
17 41 
15 19 
5 22 
48 8 
6 5 
7 5 
7 7 
8 5 
6 7 
6 8 
12 11 
6 12 
10 9 
10 6 
16 12 
7 8 
15 6 
6 10 
19 13 
15 11 
15 14 
12 18 
11 5 
16 22 
20 21 
12 18 
14 15 
11 5 
6 29 
22 9 
28 18 
21 10 
27 10 
21 18 
8 10 
15 14 
27 37 
23 12 
19 8 
18 22 
21 8 
36 33 
21 13 
26 37 
12 9 
34 17 
32 12 
34 29 
43 16 
21 10 
7 6 
7 7 
7 8 
7 6 
7 7 
7 6 
8 6 
12 7 
7 9 
9 9 
8 11 
9 16 
7 17 
20 7 
21 16 
22 18 
9 10 
17 10 
8 16 
11 22 
22 18 
17 20 
11 22 
10 18 
13 13 
19 29 
9 24 
17 27 
24 32 
8 12 
20 34 
28 13 
21 26 
16 33 
14 26 
14 23 
40 36 
9 34 
41 42 
15 20 
41 29 
11 36 
42 12 
20 23 
11 10 
8 7 
9 8 
9 7 
9 7 
10 11 
9 8 
8 12 
12 14 
12 12 
12 12 
14 11 
12 16 
19 16 
19 14 
20 19 
10 18 
18 9 
12 24 
16 16 
11 18 
27 22 
14 14 
21 28 
20 17 
11 12 
15 19 
34 24 
17 17 
8 24 
30 8 
37 7 
21 24 
37 29 
31 18 
20 40 
39 15 
29 40 
28 25 
44 43 
37 12 
23 32 
31 36 
36 40 
25 11 
9 8 
10 8 
9 10 
10 9 
12 12 
12 10 
11 8 
15 8 
15 10 
13 11 
17 8 
16 10 
18 15 
22 17 
11 18 
9 11 
12 24 
24 20 
21 25 
24 14 
28 24 
10 15 
19 22 
17 12 
12 18 
13 23 
18 18 
21 26 
15 32 
27 35 
20 12 
20 38 
24 26 
36 30 
13 36 
39 37 
16 21 
10 28 
29 9 
41 18 
41 35 
12 15 
38 22 
10 9 
10 10 
10 11 
12 10 
14 10 
14 12 
12 11 
15 12 
16 11 
16 9 
18 12 
12 9 
15 20 
15 16 
15 20 
23 13 
23 15 
14 15 
24 9 
28 20 
15 12 
19 28 
29 9 
21 12 
33 31 
14 28 
27 10 
18 32 
21 17 
36 23 
34 10 
14 19 
38 9 
42 11 
12 10 
28 11 
44 41 
30 10 
12 33 
29 12 
18 13 
45 17 
11 10 
11 10 
13 10 
11 12 
13 10 
14 11 
11 13 
15 14 
11 16 
19 18 
15 20 
11 16 
15 16 
11 16 
11 15 
14 25 
15 13 
11 20 
28 28 
21 20 
25 29 
20 31 
14 12 
19 17 
27 29 
21 32 
15 22 
14 24 
12 35 
19 22 
19 24 
20 23 
37 19 
34 24 
11 22 
33 33 
21 17 
19 47 
42 32 
27 39 
37 34 
12 11 
13 11 
13 12 
15 13 
12 15 
12 14 
18 15 
18 15 
13 19 
12 14 
19 16 
17 17 
23 20 
14 21 
13 20 
17 14 
15 22 
23 26 
13 12 
26 19 
27 24 
17 16 
20 24 
15 13 
23 26 
18 19 
14 29 
20 16 
18 27 
40 24 
42 32 
38 11 
34 16 
42 27 
21 34 
23 34 
14 17 
21 30 
49 11 
42 13 
13 12 
13 13 
15 13 
15 13 
16 16 
18 13 
15 12 
14 14 
14 16 
15 13 
15 16 
22 17 
16 20 
20 24 
24 15 
28 16 
14 16 
17 28 
29 16 
15 19 
16 24 
15 27 
18 23 
18 23 
34 35 
17 14 
20 22 
40 17 
19 21 
13 18 
18 32 
14 42 
33 34 
32 13 
25 45 
20 38 
38 48 
40 26 
36 18 
14 13 
14 14 
15 15 
16 14 
15 17 
15 18 
14 15 
21 18 
16 13 
14 15 
20 23 
18 17 
16 16 
24 18 
14 13 
29 16 
29 25 
28 24 
21 16 
33 31 
23 15 
22 30 
17 13 
35 24 
37 35 
26 17 
21 30 
38 31 
23 15 
36 37 
25 41 
34 38 
46 18 
28 28 
27 14 
21 17 
35 25 
33 30 
15 14 
15 14 
15 15 
16 14 
18 16 
19 14 
18 20 
21 19 
19 15 
24 19 
19 18 
16 25 
17 23 
20 14 
21 21 
26 29 
26 14 
16 21 
15 23 
26 33 
30 29 
28 14 
23 26 
38 15 
29 33 
29 18 
17 40 
19 24 
19 27 
26 24 
37 16 
39 32 
33 31 
22 23 
22 48 
45 26 
49 34 
16 15 
17 15 
18 17 
18 16 
17 17 
18 15 
22 18 
22 18 
16 17 
21 15 
26 18 
23 21 
28 25 
23 18 
24 22 
27 24 
29 30 
17 16 
24 15 
17 27 
21 33 
27 35 
24 18 
30 38 
28 16 
33 17 
36 24 
35 42 
41 16 
21 38 
31 33 
21 33 
21 41 
46 17 
17 36 
17 41 
17 16 
17 16 
19 16 
20 17 
18 18 
20 20 
23 18 
18 23 
21 16 
22 20 
22 21 
24 22 
28 20 
21 23 
26 25 
21 16 
31 30 
26 21 
23 31 
28 31 
18 23 
23 33 
22 17 
38 26 
33 21 
24 37 
29 18 
38 18 
20 41 
28 17 
38 41 
27 31 
35 41 
31 29 
32 47 
18 17 
18 17 
18 18 
18 20 
19 18 
23 21 
24 23 
23 24 
22 25 
27 24 
21 21 
28 19 
28 26 
18 18 
20 23 
24 23 
30 31 
33 34 
34 27 
21 27 
26 29 
22 30 
39 35 
18 22 
28 38 
34 32 
29 40 
33 27 
29 22 
43 42 
48 41 
31 37 
25 20 
48 41 
19 18 
19 18 
20 18 
19 20 
19 21 
24 22 
23 18 
24 19 
23 25 
24 24 
22 22 
19 25 
25 18 
31 28 
28 22 
21 29 
23 22 
33 18 
29 28 
22 18 
38 30 
20 23 
25 19 
23 37 
31 36 
40 40 
28 22 
43 38 
36 37 
32 45 
46 30 
43 35 
28 27 
20 19 
20 20 
20 20 
21 20 
24 20 
23 21 
20 24 
22 25 
25 26 
21 20 
25 25 
23 26 
27 30 
20 32 
26 32 
34 20 
21 31 
30 23 
37 32 
39 34 
38 35 
36 38 
28 37 
30 29 
22 37 
43 26 
45 40 
42 35 
22 47 
31 30 
37 20 
46 47 
21 20 
21 21 
21 20 
22 21 
22 21 
23 25 
23 24 
21 23 
21 21 
21 22 
22 26 
31 24 
28 29 
27 28 
24 21 
36 35 
34 28 
25 20 
28 35 
36 24 
32 28 
33 39 
30 27 
22 39 
42 42 
21 39 
40 27 
22 20 
37 29 
50 35 
49 34 
22 21 
23 22 
23 22 
25 21 
25 23 
22 23 
25 21 
27 28 
23 23 
30 22 
31 31 
31 29 
30 29 
32 24 
34 33 
34 32 
31 29 
28 27 
23 28 
35 40 
22 38 
41 32 
41 39 
36 30 
37 39 
34 35 
32 34 
34 37 
48 22 
41 26 
23 22 
23 23 
23 24 
24 22 
24 23 
28 24 
24 28 
29 25 
31 23 
29 24 
31 29 
24 32 
31 23 
26 32 
28 24 
35 30 
33 25 
38 22 
27 40 
37 35 
32 31 
25 37 
41 41 
43 23 
29 41 
41 30 
48 45 
41 43 
41 25 
24 23 
24 24 
25 24 
24 25 
25 26 
26 23 
30 26 
29 29 
28 24 
27 24 
33 27 
30 31 
27 25 
34 24 
32 28 
29 28 
31 37 
38 34 
39 30 
41 27 
44 38 
35 31 
43 39 
29 43 
40 44 
24 47 
24 34 
45 31 
25 24 
25 25 
26 25 
28 25 
26 26 
28 26 
25 27 
29 28 
30 26 
26 29 
25 32 
29 35 
31 34 
30 28 
37 36 
31 30 
39 35 
26 33 
36 40 
39 37 
25 37 
30 39 
25 31 
45 39 
29 33 
47 31 
37 35 
26 25 
27 25 
26 27 
26 25 
27 27 
29 28 
27 26 
30 26 
27 33 
32 28 
31 35 
34 27 
33 29 
34 28 
31 39 
34 40 
31 41 
41 38 
31 39 
42 35 
27 29 
38 31 
44 25 
48 48 
29 26 
51 41 
27 26 
27 26 
27 27 
30 29 
28 29 
29 30 
32 32 
29 31 
27 34 
33 30 
33 33 
36 34 
36 26 
38 27 
27 32 
32 39 
34 29 
30 35 
42 30 
36 34 
28 44 
35 27 
33 28 
42 29 
41 39 
28 27 
29 28 
29 28 
30 29 
28 29 
28 29 
29 28 
32 32 
32 34 
33 32 
35 30 
29 31 
28 33 
36 27 
34 35 
38 39 
39 38 
41 44 
32 45 
42 31 
36 27 
32 47 
31 38 
47 34 
29 28 
29 29 
31 28 
30 31 
32 32 
30 31 
34 30 
35 34 
31 35 
35 32 
34 33 
39 31 
39 39 
35 32 
33 37 
32 33 
39 30 
46 36 
47 32 
46 41 
44 43 
29 37 
50 43 
30 29 
30 29 
32 29 
32 29 
31 31 
34 29 
34 33 
36 31 
34 36 
36 29 
32 30 
35 36 
34 31 
32 33 
37 33 
35 43 
46 32 
33 29 
31 44 
36 43 
38 31 
30 38 
31 30 
32 30 
31 30 
32 33 
31 34 
31 30 
34 30 
36 33 
38 34 
33 36 
31 35 
34 32 
41 35 
38 30 
40 33 
44 36 
35 40 
42 32 
33 31 
32 41 
50 33 
32 31 
33 32 
34 32 
35 34 
34 33 
32 34 
34 32 
39 31 
40 34 
40 31 
39 31 
32 37 
35 34 
41 43 
38 45 
34 41 
42 34 
40 32 
35 37 
39 46 
33 32 
34 33 
33 34 
33 35 
34 33 
37 37 
33 37 
34 34 
38 33 
39 35 
35 37 
38 38 
44 37 
39 36 
40 42 
40 44 
39 40 
48 42 
44 44 
34 33 
35 33 
34 34 
36 35 
36 34 
39 33 
37 36 
36 34 
37 40 
43 37 
43 41 
44 40 
46 36 
39 42 
40 40 
46 47 
39 47 
44 38 
35 34 
35 35 
37 34 
38 34 
37 37 
35 37 
35 38 
39 37 
37 38 
41 40 
36 37 
39 45 
47 41 
36 40 
45 47 
35 36 
44 47 
36 35 
37 35 
38 35 
36 38 
38 36 
40 38 
40 40 
36 36 
36 38 
39 38 
42 40 
42 39 
44 42 
41 47 
39 39 
48 36 
37 36 
38 37 
39 38 
38 37 
37 36 
38 40 
37 42 
39 42 
41 38 
45 45 
38 36 
37 46 
49 39 
39 42 
43 40 
38 37 
38 38 
40 39 
41 39 
38 37 
38 39 
42 40 
39 40 
41 40 
47 38 
44 42 
38 39 
44 46 
46 49 
39 38 
40 39 
40 39 
41 40 
40 39 
41 39 
40 44 
45 44 
45 41 
48 40 
48 48 
46 39 
41 46 
40 39 
40 40 
42 40 
43 42 
40 41 
40 43 
43 40 
44 44 
43 46 
45 40 
45 49 
51 48 
41 40 
41 40 
43 42 
43 40 
42 40 
41 43 
42 43 
42 41 
41 43 
47 49 
46 50 
42 41 
43 42 
43 43 
42 42 
43 43 
47 41 
45 41 
42 43 
45 44 
43 44 
43 42 
44 42 
44 43 
43 42 
45 46 
44 43 
48 47 
49 48 
44 49 
44 43 
44 43 
45 45 
44 45 
47 45 
48 46 
44 49 
47 47 
45 44 
46 44 
46 45 
47 45 
48 46 
47 48 
50 48 
46 45 
46 45 
46 46 
46 45 
46 45 
46 50 
47 46 
47 46 
48 46 
47 48 
51 48 
48 47 
49 47 
48 47 
48 48 
49 48 
50 49 
51 50 
50 49 
50 50 
51 50 
